plotrd
tcc
seconds
' DEVICE: Cooper Form 4C RECLOSER '
' CURVE ID: 113'
'  '
      .975     3.295
     1.071     2.660
     1.176     2.153
     1.292     1.747
     1.420     1.409
     1.560     1.135
     1.713      .925
     1.882      .764
     2.068      .638
     2.271      .540
     2.495      .463
     2.741      .401
     3.011      .351
     3.308      .310
     3.634      .277
     3.992      .251
     4.385      .231
     4.817      .216
     5.292      .204
     5.813      .194
     6.386      .187
     7.015      .183
     7.707      .180
     8.466      .178
     9.301      .175
    10.217      .173
    11.224      .172
    12.330      .171
    13.545      .170
    14.880      .169
    16.346      .168
    17.956      .168
    19.726      .167
    21.670      .166
    23.805      .166
    26.151      .165
    28.728      .165
    31.559      .165
    34.669      .165
    38.085      .164
    41.838      .164
    45.960      .164
    50.489      .164
    55.465      .164
    60.930      .164
    66.934      .164
    73.530      .163
    80.776      .163
    88.736      .163
    97.480      .163
X
return
