plotrd
tcc
seconds
' DEVICE: Cooper Form 4C RECLOSER '
' CURVE ID: 139'
'  '
     1.007    23.060
     1.106    14.102
     1.215     9.545
     1.335     6.856
     1.467     5.433
     1.611     4.463
     1.770     3.692
     1.944     3.077
     2.136     2.621
     2.346     2.240
     2.577     1.915
     2.831     1.639
     3.110     1.404
     3.417     1.203
     3.754     1.043
     4.124      .904
     4.530      .782
     4.976      .674
     5.467      .580
     6.005      .498
     6.597      .426
     7.247      .364
     7.961      .311
     8.746      .264
     9.608      .224
    10.554      .190
    11.595      .160
    12.737      .136
    13.992      .114
    15.371      .095
    16.886      .078
    18.550      .063
    20.378      .051
    22.386      .039
    24.591      .030
    27.015      .024
    29.677      .021
    32.601      .018
    35.814      .017
    39.343      .016
    43.220      .016
    47.479      .016
    52.157      .016
    57.297      .016
    62.943      .016
    69.145      .016
    75.959      .016
    83.444      .016
    91.667      .016
   100.700      .016
X
return
