plotrd
tcc
seconds
' DEVICE: Cooper Form 4C RECLOSER '
' CURVE ID: 142'
'  '
      .984    36.410
     1.081    30.323
     1.188    25.218
     1.305    20.943
     1.433    17.368
     1.575    14.383
     1.730    11.894
     1.900    10.150
     2.087     8.572
     2.293     7.079
     2.519     5.716
     2.767     4.514
     3.040     3.346
     3.340     2.507
     3.669     1.903
     4.030     1.467
     4.427     1.146
     4.864      .906
     5.343      .724
     5.869      .627
     6.448      .541
     7.083      .464
     7.781      .395
     8.548      .334
     9.390      .280
    10.316      .233
    11.332      .192
    12.449      .156
    13.675      .125
    15.023      .100
    16.503      .081
    18.130      .066
    19.916      .053
    21.879      .044
    24.035      .038
    26.403      .035
    29.005      .032
    31.863      .030
    35.003      .029
    38.452      .029
    42.241      .028
    46.404      .028
    50.976      .028
    56.000      .028
    61.518      .028
    67.580      .028
    74.239      .028
    81.555      .028
    89.591      .028
    98.420      .028
X
return
