plotrd
tcc
seconds
' DEVICE: Cooper Form 4C RECLOSER '
' CURVE ID: 114'
'  '
     1.023     7.948
     1.124     5.404
     1.235     4.036
     1.356     3.181
     1.490     2.537
     1.637     2.121
     1.798     1.828
     1.975     1.569
     2.170     1.341
     2.384     1.141
     2.618      .967
     2.876      .816
     3.160      .685
     3.471      .573
     3.813      .489
     4.189      .409
     4.602      .335
     5.055      .269
     5.554      .214
     6.101      .164
     6.702      .124
     7.362      .087
     8.088      .052
     8.885      .034
     9.760      .027
    10.722      .023
    11.779      .020
    12.939      .018
    14.215      .017
    15.615      .016
    17.154      .015
    18.844      .014
    20.701      .014
    22.741      .013
    24.982      .013
    27.444      .013
    30.148      .012
    33.119      .012
    36.383      .012
    39.968      .012
    43.906      .012
    48.233      .012
    52.986      .012
    58.207      .012
    63.943      .012
    70.244      .012
    77.166      .012
    84.770      .012
    93.123      .012
   102.300      .012
X
return
