plotrd
tcc
seconds
' DEVICE: Cooper Form 4C RECLOSER '
' CURVE ID: 140'
'  '
     1.009    28.250
     1.108    21.955
     1.218    17.286
     1.338    13.787
     1.469    11.141
     1.614     9.151
     1.773     7.604
     1.948     6.382
     2.140     5.410
     2.351     4.675
     2.583     4.071
     2.837     3.568
     3.117     3.149
     3.424     2.798
     3.761     2.504
     4.132     2.255
     4.539     2.048
     4.986     1.873
     5.478     1.723
     6.017     1.594
     6.610     1.484
     7.262     1.391
     7.977     1.312
     8.763     1.245
     9.627     1.188
    10.575     1.140
    11.618     1.101
    12.762     1.078
    14.020     1.057
    15.402     1.037
    16.919     1.020
    18.586     1.004
    20.418      .990
    22.430      .988
    24.640      .988
    27.068      .987
    29.736      .986
    32.666      .986
    35.885      .985
    39.421      .984
    43.306      .984
    47.573      .983
    52.261      .983
    57.411      .982
    63.068      .981
    69.283      .981
    76.110      .980
    83.610      .980
    91.849      .979
   100.900      .978
X
return
