plotrd
tcc
seconds
' DEVICE: Cooper Form 4C RECLOSER '
' CURVE ID: 164'
'  '
     1.014    59.630
     1.114    45.508
     1.224    34.748
     1.344    26.545
     1.477    20.289
     1.622    15.515
     1.782    11.870
     1.958     9.086
     2.151     6.959
     2.363     5.390
     2.595     4.199
     2.851     3.251
     3.132     2.502
     3.441     1.913
     3.780     1.454
     4.152     1.098
     4.561      .801
     5.011      .586
     5.505      .440
     6.047      .340
     6.643      .275
     7.298      .224
     8.017      .184
     8.807      .153
     9.675      .126
    10.628      .105
    11.675      .089
    12.826      .076
    14.089      .067
    15.478      .060
    17.003      .054
    18.679      .048
    20.519      .043
    22.541      .038
    24.762      .035
    27.203      .031
    29.883      .029
    32.828      .028
    36.063      .028
    39.616      .027
    43.520      .027
    47.809      .027
    52.520      .027
    57.695      .027
    63.381      .027
    69.626      .027
    76.487      .027
    84.024      .027
    92.304      .027
   101.400      .027
X
return
