plotrd
tcc
seconds
' DEVICE: Cooper Form 4C RECLOSER '
' CURVE ID: 137'
'  '
      .973    20.880
     1.069    17.330
     1.175    14.518
     1.290    12.278
     1.417    10.500
     1.557     9.032
     1.711     7.872
     1.879     6.899
     2.064     6.048
     2.268     5.302
     2.491     4.648
     2.737     4.100
     3.006     3.608
     3.303     3.166
     3.628     2.770
     3.986     2.417
     4.378     2.068
     4.810     1.770
     5.284     1.530
     5.804     1.336
     6.376     1.178
     7.005     1.045
     7.695      .939
     8.453      .856
     9.286      .789
    10.201      .741
    11.207      .704
    12.311      .674
    13.524      .651
    14.857      .641
    16.321      .634
    17.929      .627
    19.696      .622
    21.636      .619
    23.768      .618
    26.111      .618
    28.684      .618
    31.510      .618
    34.615      .618
    38.026      .618
    41.773      .618
    45.890      .617
    50.412      .617
    55.379      .617
    60.837      .617
    66.831      .617
    73.417      .617
    80.652      .617
    88.599      .616
    97.330      .616
X
return
