plotrd
tcc
seconds
' DEVICE: Cooper Form 4C RECLOSER '
' CURVE ID: 165'
'  '
     1.210    59.430
     1.329    47.551
     1.460    37.314
     1.604    28.718
     1.762    21.030
     1.936    15.393
     2.127    11.266
     2.336     8.246
     2.566     5.858
     2.819     4.216
     3.097     3.095
     3.402     2.318
     3.738     1.803
     4.106     1.443
     4.510     1.163
     4.955      .943
     5.443      .770
     5.979      .633
     6.569      .533
     7.216      .455
     7.927      .387
     8.708      .329
     9.566      .278
    10.509      .235
    11.545      .198
    12.682      .166
    13.932      .137
    15.305      .113
    16.813      .094
    18.470      .079
    20.290      .066
    22.289      .055
    24.485      .047
    26.898      .042
    29.549      .038
    32.461      .036
    35.659      .034
    39.173      .033
    43.033      .032
    47.274      .031
    51.932      .031
    57.050      .031
    62.672      .031
    68.847      .030
    75.632      .030
    83.084      .030
    91.272      .030
   100.266      .030
   110.146      .030
   121.000      .029
X
return
