plotrd
tcc
seconds
' DEVICE: Cooper Form 4C RECLOSER '
' CURVE ID: 134'
'  '
     1.022    14.960
     1.123    11.262
     1.233     8.560
     1.355     6.559
     1.488     5.069
     1.635     3.965
     1.796     3.139
     1.973     2.516
     2.168     2.041
     2.381     1.676
     2.616     1.394
     2.874     1.173
     3.157      .998
     3.468      .861
     3.810      .753
     4.185      .667
     4.597      .597
     5.050      .542
     5.548      .501
     6.095      .474
     6.695      .455
     7.355      .440
     8.080      .429
     8.876      .427
     9.751      .424
    10.712      .422
    11.767      .420
    12.927      .419
    14.201      .419
    15.600      .419
    17.137      .419
    18.826      .419
    20.681      .419
    22.719      .419
    24.958      .419
    27.417      .419
    30.119      .419
    33.087      .419
    36.347      .419
    39.929      .418
    43.864      .418
    48.186      .418
    52.934      .418
    58.150      .418
    63.881      .418
    70.175      .418
    77.091      .418
    84.687      .418
    93.032      .418
   102.200      .418
X
return
