plotrd
tcc
seconds
' DEVICE: Cooper Form 4C RECLOSER '
' CURVE ID: 120'
'  '
     1.014     9.989
     1.114     7.898
     1.224     6.283
     1.344     5.032
     1.477     4.053
     1.622     3.283
     1.782     2.674
     1.958     2.191
     2.151     1.805
     2.363     1.495
     2.595     1.243
     2.851     1.037
     3.132      .871
     3.441      .737
     3.780      .627
     4.152      .538
     4.561      .464
     5.011      .403
     5.505      .352
     6.047      .310
     6.643      .275
     7.298      .245
     8.017      .220
     8.807      .199
     9.675      .181
    10.628      .166
    11.675      .153
    12.826      .142
    14.089      .134
    15.478      .126
    17.003      .120
    18.679      .114
    20.519      .109
    22.541      .105
    24.762      .102
    27.203      .099
    29.883      .096
    32.828      .095
    36.063      .094
    39.616      .094
    43.520      .094
    47.809      .094
    52.520      .094
    57.695      .094
    63.381      .094
    69.626      .093
    76.487      .093
    84.024      .093
    92.304      .093
   101.400      .093
X
return
