plotrd
tcc
seconds
' DEVICE: Cooper Form 4C RECLOSER '
' CURVE ID: 121'
'  '
      .980    11.870
     1.077     9.219
     1.183     6.800
     1.299     4.420
     1.428     2.133
     1.568      .156
     1.723      .028
     1.892      .021
     2.079      .018
     2.284      .015
     2.509      .014
     2.756      .013
     3.028      .012
     3.326      .012
     3.654      .011
     4.014      .011
     4.409      .011
     4.844      .011
     5.321      .011
     5.846      .011
     6.422      .011
     7.054      .011
     7.750      .011
     8.513      .011
     9.352      .011
    10.274      .011
    11.286      .011
    12.398      .011
    13.620      .011
    14.962      .011
    16.436      .011
    18.056      .011
    19.835      .011
    21.790      .011
    23.937      .011
    26.296      .011
    28.887      .011
    31.734      .011
    34.861      .011
    38.296      .011
    42.070      .011
    46.215      .011
    50.769      .011
    55.772      .011
    61.268      .011
    67.305      .011
    73.938      .011
    81.223      .011
    89.227      .011
    98.020      .011
X
return
