plotrd
tcc
seconds
' DEVICE: Cooper Form 4C RECLOSER '
' CURVE ID: 151'
'  '
     1.015    50.190
     1.115    32.219
     1.225    22.963
     1.346    16.873
     1.478    12.652
     1.624     9.813
     1.784     7.925
     1.960     6.434
     2.153     5.252
     2.365     4.309
     2.598     3.555
     2.854     2.938
     3.135     2.413
     3.444     2.007
     3.784     1.691
     4.156     1.442
     4.566     1.246
     5.016     1.099
     5.510      .980
     6.053      .882
     6.650      .801
     7.305      .733
     8.025      .676
     8.815      .632
     9.684      .594
    10.638      .563
    11.687      .536
    12.838      .515
    14.103      .501
    15.493      .489
    17.020      .479
    18.697      .471
    20.539      .464
    22.563      .463
    24.787      .463
    27.229      .463
    29.913      .463
    32.860      .462
    36.098      .462
    39.655      .462
    43.563      .461
    47.856      .461
    52.572      .460
    57.752      .460
    63.443      .459
    69.695      .459
    76.563      .458
    84.107      .457
    92.395      .457
   101.500      .456
X
return
