plotrd
tcc
seconds
' DEVICE: Cooper Form 4C RECLOSER '
' CURVE ID: 138'
'  '
     1.009    21.140
     1.108    17.760
     1.218    14.944
     1.338    12.595
     1.469    10.632
     1.614     8.989
     1.773     7.613
     1.948     6.428
     2.140     5.456
     2.351     4.658
     2.583     4.058
     2.837     3.548
     3.117     3.080
     3.424     2.655
     3.761     2.266
     4.132     1.923
     4.539     1.629
     4.986     1.359
     5.478     1.132
     6.017      .948
     6.610      .798
     7.262      .675
     7.977      .573
     8.763      .488
     9.627      .418
    10.575      .361
    11.618      .314
    12.762      .276
    14.020      .245
    15.402      .219
    16.919      .197
    18.586      .180
    20.418      .165
    22.430      .153
    24.640      .143
    27.068      .135
    29.736      .129
    32.666      .125
    35.885      .122
    39.421      .120
    43.306      .120
    47.573      .120
    52.261      .120
    57.411      .120
    63.068      .119
    69.283      .119
    76.110      .119
    83.610      .119
    91.849      .119
   100.900      .119
X
return
