plotrd
tcc
seconds
' DEVICE: Cooper Form 4C RECLOSER '
' CURVE ID: 116'
'  '
      .999     6.559
     1.098     5.007
     1.206     3.968
     1.325     3.173
     1.455     2.544
     1.599     2.047
     1.756     1.672
     1.929     1.365
     2.119     1.112
     2.328      .904
     2.558      .734
     2.810      .594
     3.087      .476
     3.391      .382
     3.725      .307
     4.092      .248
     4.495      .201
     4.938      .162
     5.425      .132
     5.959      .108
     6.547      .089
     7.192      .074
     7.901      .061
     8.679      .051
     9.534      .043
    10.474      .036
    11.506      .031
    12.640      .027
    13.885      .023
    15.253      .020
    16.757      .017
    18.408      .015
    20.222      .014
    22.214      .013
    24.403      .012
    26.808      .011
    29.450      .011
    32.352      .011
    35.540      .011
    39.042      .011
    42.889      .011
    47.116      .011
    51.758      .011
    56.859      .011
    62.462      .011
    68.617      .011
    75.378      .011
    82.806      .011
    90.966      .011
    99.930      .011
X
return
