plotrd
tcc
seconds
' DEVICE: Cooper Form 4C RECLOSER '
' CURVE ID: 115'
'  '
      .997     6.542
     1.096     5.069
     1.204     3.726
     1.322     2.749
     1.452     2.035
     1.596     1.512
     1.753     1.134
     1.925      .852
     2.115      .641
     2.324      .483
     2.553      .365
     2.804      .276
     3.081      .209
     3.384      .157
     3.718      .118
     4.084      .090
     4.486      .069
     4.928      .053
     5.414      .041
     5.948      .032
     6.534      .025
     7.177      .019
     7.885      .017
     8.662      .016
     9.515      .015
    10.453      .014
    11.483      .014
    12.614      .014
    13.857      .014
    15.223      .014
    16.723      .014
    18.371      .014
    20.181      .014
    22.170      .014
    24.355      .014
    26.755      .014
    29.391      .014
    32.287      .014
    35.469      .014
    38.964      .014
    42.803      .014
    47.021      .014
    51.655      .014
    56.745      .014
    62.337      .014
    68.479      .014
    75.227      .014
    82.640      .014
    90.784      .014
    99.730      .014
X
return
