plotrd
tcc
seconds
' DEVICE: Cooper Form 4C RECLOSER '
' CURVE ID: 119'
'  '
      .996     8.823
     1.094     5.948
     1.202     4.392
     1.321     3.359
     1.451     2.654
     1.594     2.235
     1.751     1.901
     1.923     1.633
     2.113     1.418
     2.321     1.243
     2.550     1.104
     2.801      .991
     3.077      .896
     3.380      .816
     3.713      .750
     4.079      .696
     4.481      .652
     4.922      .613
     5.408      .580
     5.940      .551
     6.526      .527
     7.169      .508
     7.875      .491
     8.651      .476
     9.504      .463
    10.440      .452
    11.469      .445
    12.599      .439
    13.841      .434
    15.205      .429
    16.703      .425
    18.349      .422
    20.157      .422
    22.143      .421
    24.325      .421
    26.722      .421
    29.356      .420
    32.248      .420
    35.426      .420
    38.917      .420
    42.752      .420
    46.965      .419
    51.593      .419
    56.677      .419
    62.262      .419
    68.397      .419
    75.137      .419
    82.541      .419
    90.675      .419
    99.610      .419
X
return
