plotrd
tcc
seconds
' DEVICE: Cooper Form 4C RECLOSER '
' CURVE ID: 111'
'  '
      .992     2.823
     1.090     2.251
     1.197     1.811
     1.315     1.471
     1.445     1.206
     1.587     1.012
     1.744      .852
     1.915      .719
     2.104      .608
     2.312      .515
     2.539      .435
     2.790      .369
     3.064      .314
     3.366      .268
     3.698      .231
     4.063      .199
     4.463      .176
     4.903      .155
     5.386      .136
     5.917      .119
     6.500      .104
     7.140      .091
     7.844      .079
     8.616      .069
     9.466      .059
    10.398      .050
    11.423      .042
    12.549      .036
    13.785      .031
    15.144      .027
    16.636      .025
    18.275      .022
    20.076      .020
    22.054      .019
    24.228      .017
    26.615      .016
    29.238      .016
    32.119      .016
    35.284      .015
    38.761      .015
    42.580      .015
    46.776      .015
    51.386      .015
    56.449      .015
    62.012      .015
    68.122      .015
    74.835      .015
    82.210      .015
    90.311      .015
    99.210      .015
X
return
