plotrd
tcc
seconds
' DEVICE: Cooper Form 4C RECLOSER '
' CURVE ID: 105'
'  '
      .986      .736
     1.083      .623
     1.190      .530
     1.307      .453
     1.436      .389
     1.577      .338
     1.733      .295
     1.903      .258
     2.091      .226
     2.297      .199
     2.523      .175
     2.772      .154
     3.045      .136
     3.345      .121
     3.675      .108
     4.037      .097
     4.435      .088
     4.872      .079
     5.352      .071
     5.879      .063
     6.458      .055
     7.095      .048
     7.794      .041
     8.562      .034
     9.405      .028
    10.332      .024
    11.350      .020
    12.469      .018
    13.698      .016
    15.047      .015
    16.530      .014
    18.159      .013
    19.949      .012
    21.914      .012
    24.074      .012
    26.446      .011
    29.052      .011
    31.915      .011
    35.060      .011
    38.515      .011
    42.310      .011
    46.479      .011
    51.059      .011
    56.091      .011
    61.618      .011
    67.690      .011
    74.360      .011
    81.687      .011
    89.737      .011
    98.580      .011
X
return
