plotrd
tcc
seconds
' DEVICE: Cooper Form 4C RECLOSER '
' CURVE ID: 162'
'  '
     1.016    36.450
     1.116    24.769
     1.226    17.268
     1.347    12.363
     1.480     9.199
     1.625     6.940
     1.786     5.309
     1.962     4.222
     2.155     3.423
     2.367     2.777
     2.601     2.254
     2.857     1.831
     3.138     1.488
     3.448     1.210
     3.787      .977
     4.160      .790
     4.570      .640
     5.021      .520
     5.516      .424
     6.059      .347
     6.656      .284
     7.312      .234
     8.033      .193
     8.824      .158
     9.694      .130
    10.649      .108
    11.698      .090
    12.851      .076
    14.117      .065
    15.508      .056
    17.037      .047
    18.715      .039
    20.560      .033
    22.586      .028
    24.811      .025
    27.256      .022
    29.942      .020
    32.893      .019
    36.134      .018
    39.694      .018
    43.606      .018
    47.903      .018
    52.623      .018
    57.809      .018
    63.506      .018
    69.763      .018
    76.638      .018
    84.190      .018
    92.486      .018
   101.600      .018
X
return
