plotrd
tcc
seconds
' DEVICE: Cooper Form 4C RECLOSER '
' CURVE ID: 161'
'  '
     1.024    60.000
     1.125    19.546
     1.236     8.958
     1.358     5.545
     1.491     4.067
     1.638     3.037
     1.800     2.334
     1.977     1.854
     2.172     1.480
     2.386     1.188
     2.621      .959
     2.879      .778
     3.163      .633
     3.475      .517
     3.817      .425
     4.193      .352
     4.606      .293
     5.060      .246
     5.559      .208
     6.107      .177
     6.709      .151
     7.370      .130
     8.096      .113
     8.894      .098
     9.770      .087
    10.733      .077
    11.790      .068
    12.952      .061
    14.228      .055
    15.631      .050
    17.171      .046
    18.863      .042
    20.722      .039
    22.763      .037
    25.007      .034
    27.471      .032
    30.178      .031
    33.152      .030
    36.418      .030
    40.007      .030
    43.949      .030
    48.280      .030
    53.038      .030
    58.264      .030
    64.006      .030
    70.313      .030
    77.241      .030
    84.853      .030
    93.214      .030
   102.400      .030
X
return
