plotrd
tcc
seconds
' DEVICE: Cooper Form 4C RECLOSER '
' CURVE ID: 132'
'  '
     1.009    22.060
     1.108    13.219
     1.218     8.617
     1.338     6.144
     1.469     4.802
     1.614     3.949
     1.773     3.345
     1.948     2.798
     2.140     2.282
     2.351     1.819
     2.583     1.455
     2.837     1.169
     3.117      .944
     3.424      .776
     3.761      .638
     4.132      .524
     4.539      .431
     4.986      .354
     5.478      .291
     6.017      .239
     6.610      .196
     7.262      .157
     7.977      .126
     8.763      .102
     9.627      .083
    10.575      .069
    11.618      .057
    12.762      .047
    14.020      .040
    15.402      .033
    16.919      .028
    18.586      .024
    20.418      .021
    22.430      .019
    24.640      .018
    27.068      .017
    29.736      .017
    32.666      .017
    35.885      .017
    39.421      .016
    43.306      .016
    47.573      .016
    52.261      .016
    57.411      .016
    63.068      .016
    69.283      .016
    76.110      .016
    83.610      .016
    91.849      .016
   100.900      .016
X
return
