plotrd
tcc
seconds
' DEVICE: Cooper Form 4C RECLOSER '
' CURVE ID: 107'
'  '
      .992     1.481
     1.090     1.214
     1.198      .989
     1.316      .801
     1.445      .645
     1.588      .516
     1.744      .411
     1.916      .325
     2.105      .263
     2.312      .208
     2.540      .162
     2.790      .123
     3.065      .088
     3.367      .063
     3.699      .046
     4.064      .033
     4.464      .024
     4.904      .020
     5.387      .017
     5.918      .016
     6.501      .014
     7.142      .013
     7.846      .013
     8.619      .012
     9.468      .012
    10.401      .011
    11.426      .011
    12.552      .011
    13.789      .011
    15.148      .011
    16.641      .011
    18.281      .011
    20.082      .011
    22.061      .011
    24.235      .011
    26.623      .011
    29.247      .011
    32.129      .011
    35.294      .011
    38.772      .011
    42.593      .011
    46.790      .011
    51.401      .011
    56.466      .011
    62.030      .011
    68.143      .011
    74.858      .011
    82.234      .011
    90.338      .011
    99.240      .011
X
return
