plotrd
tcc
seconds
' DEVICE: Cooper Form 4C RECLOSER '
' CURVE ID: 135'
'  '
     1.010    15.090
     1.110    12.277
     1.219    10.047
     1.339     8.270
     1.471     6.841
     1.616     5.679
     1.775     4.748
     1.950     3.999
     2.142     3.392
     2.353     2.898
     2.585     2.493
     2.840     2.157
     3.120     1.882
     3.427     1.654
     3.765     1.466
     4.136     1.308
     4.543     1.177
     4.991     1.070
     5.483      .980
     6.023      .904
     6.617      .838
     7.269      .782
     7.985      .735
     8.772      .695
     9.636      .661
    10.586      .632
    11.629      .608
    12.775      .589
    14.034      .574
    15.417      .561
    16.936      .551
    18.605      .542
    20.438      .540
    22.452      .538
    24.665      .537
    27.095      .536
    29.765      .535
    32.698      .535
    35.920      .534
    39.460      .534
    43.348      .534
    47.620      .534
    52.313      .534
    57.468      .534
    63.130      .534
    69.351      .534
    76.185      .534
    83.693      .534
    91.940      .534
   101.000      .534
X
return
