plotrd
tcc
seconds
' DEVICE: Cooper Form 4C RECLOSER '
' CURVE ID: 133'
'  '
     1.010    14.560
     1.110    11.626
     1.219     9.320
     1.339     7.500
     1.471     6.060
     1.616     4.916
     1.775     4.015
     1.950     3.292
     2.142     2.706
     2.353     2.230
     2.585     1.843
     2.840     1.527
     3.120     1.269
     3.427     1.055
     3.765      .879
     4.136      .735
     4.543      .616
     4.991      .519
     5.483      .438
     6.023      .372
     6.617      .316
     7.269      .270
     7.985      .229
     8.772      .196
     9.636      .168
    10.586      .145
    11.629      .126
    12.775      .111
    14.034      .098
    15.417      .087
    16.936      .077
    18.605      .070
    20.438      .063
    22.452      .058
    24.665      .053
    27.095      .049
    29.765      .046
    32.698      .044
    35.920      .042
    39.460      .041
    43.348      .040
    47.620      .040
    52.313      .040
    57.468      .040
    63.130      .040
    69.351      .040
    76.185      .040
    83.693      .039
    91.940      .039
   101.000      .039
X
return
