plotrd
tcc
seconds
' DEVICE: Cooper Form 4C RECLOSER '
' CURVE ID: 122'
'  '
     1.004    10.030
     1.103     8.304
     1.212     6.887
     1.331     5.723
     1.462     4.764
     1.606     4.046
     1.765     3.479
     1.938     2.948
     2.129     2.464
     2.339     2.029
     2.570     1.648
     2.823     1.367
     3.101     1.068
     3.407      .816
     3.743      .567
     4.111      .355
     4.516      .167
     4.961      .051
     5.450      .025
     5.987      .020
     6.577      .017
     7.226      .015
     7.938      .014
     8.720      .013
     9.579      .012
    10.523      .012
    11.560      .011
    12.699      .011
    13.951      .011
    15.325      .011
    16.835      .011
    18.494      .011
    20.317      .011
    22.319      .011
    24.518      .011
    26.934      .011
    29.588      .011
    32.504      .011
    35.707      .011
    39.226      .011
    43.091      .011
    47.337      .011
    52.002      .011
    57.126      .011
    62.755      .011
    68.939      .011
    75.733      .011
    83.196      .011
    91.394      .011
   100.400      .011
X
return
