plotrd
tcc
seconds
' DEVICE: Cooper Form 4C RECLOSER '
' CURVE ID: 152'
'  '
     1.085    60.000
     1.192    53.529
     1.309    49.026
     1.438    46.065
     1.580    43.564
     1.736    41.667
     1.907    40.192
     2.095    38.854
     2.301    37.642
     2.528    36.548
     2.777    35.590
     3.051    34.766
     3.351    34.006
     3.682    33.305
     4.044    32.661
     4.443    32.071
     4.881    31.545
     5.362    31.067
     5.890    30.629
     6.471    30.230
     7.108    29.869
     7.809    29.544
     8.578    29.305
     9.423    29.130
    10.352    28.965
    11.372    28.812
    12.493    28.669
    13.724    28.537
    15.076    28.415
    16.562    28.303
    18.194    28.202
    19.986    28.119
    21.956    28.114
    24.120    28.109
    26.496    28.104
    29.107    28.098
    31.975    28.093
    35.126    28.088
    38.588    28.083
    42.390    28.077
    46.567    28.072
    51.156    28.067
    56.197    28.061
    61.735    28.056
    67.818    28.051
    74.501    28.046
    81.843    28.040
    89.908    28.035
    98.767    28.030
   108.500    28.025
X
return
