plotrd
tcc
seconds
' DEVICE: Cooper Form 4C RECLOSER '
' CURVE ID: 141'
'  '
      .993    21.930
     1.091    19.535
     1.198    17.731
     1.316    16.507
     1.446    15.468
     1.589    14.589
     1.745    13.921
     1.917    13.350
     2.106    12.850
     2.314    12.416
     2.542    12.040
     2.792    11.745
     3.067    11.505
     3.369    11.290
     3.701    11.098
     4.066    10.929
     4.467    10.815
     4.907    10.715
     5.391    10.623
     5.922    10.539
     6.505    10.463
     7.146    10.395
     7.851    10.335
     8.624    10.300
     9.474    10.300
    10.408    10.300
    11.433    10.300
    12.560    10.300
    13.798    10.300
    15.157    10.300
    16.651    10.300
    18.292    10.300
    20.094    10.300
    22.074    10.300
    24.250    10.300
    26.639    10.300
    29.264    10.300
    32.148    10.300
    35.316    10.300
    38.796    10.300
    42.619    10.300
    46.819    10.300
    51.432    10.300
    56.500    10.300
    62.068    10.300
    68.184    10.300
    74.903    10.300
    82.284    10.300
    90.392    10.300
    99.300    10.300
X
return
