plotrd
tcc
seconds
' DEVICE: Cooper Form 4C RECLOSER '
' CURVE ID: 136'
'  '
      .998    24.750
     1.097    13.626
     1.205     8.745
     1.323     6.290
     1.454     4.776
     1.597     4.017
     1.754     3.440
     1.927     2.930
     2.117     2.484
     2.326     2.039
     2.555     1.691
     2.807     1.426
     3.083     1.224
     3.387     1.070
     3.721      .928
     4.088      .796
     4.490      .673
     4.933      .560
     5.419      .466
     5.953      .408
     6.539      .337
     7.184      .264
     7.892      .195
     8.669      .136
     9.524      .089
    10.462      .055
    11.493      .035
    12.626      .025
    13.870      .021
    15.237      .018
    16.738      .016
    18.388      .015
    20.199      .015
    22.190      .015
    24.377      .015
    26.779      .015
    29.417      .015
    32.316      .015
    35.501      .015
    38.999      .015
    42.842      .015
    47.064      .015
    51.701      .015
    56.796      .015
    62.393      .015
    68.541      .015
    75.295      .015
    82.715      .015
    90.866      .015
    99.820      .015
X
return
