plotrd
tcc
seconds
' DEVICE: Cooper Form 4C RECLOSER '
' CURVE ID: 118'
'  '
     1.010     8.011
     1.110     6.079
     1.219     4.656
     1.339     3.614
     1.471     2.822
     1.616     2.218
     1.775     1.753
     1.950     1.395
     2.142     1.121
     2.353      .911
     2.585      .742
     2.840      .608
     3.120      .500
     3.427      .412
     3.765      .341
     4.136      .284
     4.543      .237
     4.991      .199
     5.483      .167
     6.023      .142
     6.617      .121
     7.269      .103
     7.985      .088
     8.772      .075
     9.636      .065
    10.586      .056
    11.629      .048
    12.775      .042
    14.034      .036
    15.417      .031
    16.936      .027
    18.605      .024
    20.438      .022
    22.452      .020
    24.665      .018
    27.095      .017
    29.765      .017
    32.698      .016
    35.920      .016
    39.460      .016
    43.348      .016
    47.620      .016
    52.313      .016
    57.468      .016
    63.130      .016
    69.351      .016
    76.185      .016
    83.693      .016
    91.940      .016
   101.000      .016
X
return
