plotrd
tcc
seconds
' DEVICE: Cooper Form 4C RECLOSER '
' CURVE ID: 117'
'  '
      .994     6.115
     1.092     4.804
     1.200     3.831
     1.318     3.101
     1.448     2.557
     1.591     2.219
     1.748     1.906
     1.920     1.620
     2.109     1.363
     2.317     1.116
     2.545      .917
     2.796      .759
     3.072      .638
     3.374      .539
     3.707      .456
     4.072      .387
     4.473      .329
     4.914      .280
     5.398      .240
     5.930      .205
     6.515      .176
     7.157      .152
     7.862      .131
     8.636      .114
     9.488      .100
    10.422      .088
    11.449      .076
    12.578      .064
    13.817      .053
    15.179      .045
    16.674      .037
    18.318      .031
    20.123      .027
    22.105      .025
    24.284      .023
    26.677      .021
    29.305      .020
    32.193      .019
    35.366      .018
    38.851      .018
    42.679      .018
    46.885      .018
    51.505      .018
    56.580      .018
    62.155      .018
    68.280      .018
    75.009      .018
    82.400      .018
    90.520      .018
    99.440      .018
X
return
