plotrd
tcc
seconds
' DEVICE: Cooper Form 4C RECLOSER '
' CURVE ID: 131'
'  '
      .992    11.590
     1.090    10.502
     1.197     9.622
     1.315     9.001
     1.445     8.462
     1.587     7.992
     1.743     7.584
     1.915     7.254
     2.104     6.964
     2.311     6.707
     2.539     6.479
     2.789     6.278
     3.064     6.106
     3.366     5.972
     3.697     5.851
     4.062     5.743
     4.462     5.648
     4.902     5.563
     5.385     5.491
     5.915     5.450
     6.498     5.411
     7.139     5.375
     7.842     5.341
     8.615     5.310
     9.464     5.281
    10.396     5.261
    11.421     5.261
    12.546     5.261
    13.782     5.261
    15.141     5.261
    16.632     5.261
    18.271     5.261
    20.072     5.261
    22.050     5.261
    24.223     5.261
    26.610     5.261
    29.232     5.261
    32.112     5.261
    35.277     5.261
    38.753     5.261
    42.572     5.261
    46.767     5.261
    51.375     5.261
    56.438     5.261
    61.999     5.261
    68.109     5.261
    74.820     5.261
    82.193     5.261
    90.292     5.261
    99.190     5.261
X
return
