plotrd
tcc
seconds
' DEVICE: Cooper Form 4C RECLOSER '
' CURVE ID: 102'
'  '
      .993      .340
     1.091      .236
     1.199      .165
     1.317      .116
     1.447      .078
     1.589      .055
     1.746      .041
     1.918      .031
     2.107      .026
     2.315      .023
     2.543      .021
     2.793      .020
     3.068      .019
     3.371      .018
     3.703      .017
     4.068      .016
     4.469      .016
     4.909      .016
     5.393      .016
     5.924      .016
     6.508      .016
     7.149      .016
     7.854      .016
     8.628      .016
     9.478      .016
    10.412      .016
    11.438      .016
    12.565      .016
    13.803      .016
    15.163      .016
    16.658      .016
    18.299      .016
    20.102      .016
    22.083      .016
    24.259      .016
    26.650      .016
    29.276      .016
    32.161      .016
    35.330      .016
    38.812      .016
    42.636      .016
    46.837      .016
    51.453      .016
    56.523      .016
    62.093      .016
    68.212      .016
    74.933      .016
    82.317      .016
    90.429      .016
    99.340      .016
X
return
