plotrd
tcc
seconds
' DEVICE: Cooper Form 4C RECLOSER '
' CURVE ID: 112'
'  '
      .973     2.577
     1.069     2.081
     1.174     1.688
     1.290     1.376
     1.417     1.126
     1.557      .925
     1.710      .763
     1.879      .632
     2.064      .525
     2.268      .439
     2.491      .366
     2.736      .306
     3.006      .258
     3.302      .219
     3.628      .187
     3.985      .160
     4.378      .138
     4.809      .120
     5.283      .105
     5.804      .092
     6.376      .081
     7.004      .073
     7.694      .065
     8.452      .059
     9.285      .054
    10.200      .049
    11.205      .045
    12.310      .042
    13.523      .039
    14.855      .036
    16.319      .034
    17.927      .031
    19.694      .029
    21.634      .028
    23.766      .026
    26.108      .025
    28.681      .024
    31.507      .024
    34.612      .023
    38.022      .023
    41.769      .023
    45.885      .022
    50.407      .022
    55.374      .022
    60.830      .022
    66.825      .022
    73.410      .022
    80.643      .022
    88.590      .022
    97.320      .022
X
return
