plotrd
tcc
seconds
' DEVICE: Cooper Form 4C RECLOSER '
' CURVE ID: 163'
'  '
     1.019    59.770
     1.119    26.648
     1.230    12.986
     1.351     6.917
     1.484     4.433
     1.630     2.985
     1.791     2.070
     1.967     1.477
     2.161     1.101
     2.374      .872
     2.608      .696
     2.865      .561
     3.148      .456
     3.458      .374
     3.798      .313
     4.173      .267
     4.584      .228
     5.036      .195
     5.532      .166
     6.077      .142
     6.676      .121
     7.334      .102
     8.056      .087
     8.850      .074
     9.722      .063
    10.680      .053
    11.733      .044
    12.889      .038
    14.159      .032
    15.554      .028
    17.087      .024
    18.771      .021
    20.620      .019
    22.652      .017
    24.885      .015
    27.337      .014
    30.030      .013
    32.990      .013
    36.241      .012
    39.812      .012
    43.735      .012
    48.044      .012
    52.779      .012
    57.980      .012
    63.693      .012
    69.969      .012
    76.864      .012
    84.439      .012
    92.759      .012
   101.900      .012
X
return
