plotrd
tcc
seconds
' DEVICE: Cooper Form 4C RECLOSER '
' CURVE ID: 103'
'  '
      .989      .398
     1.086      .298
     1.193      .227
     1.311      .179
     1.440      .143
     1.582      .116
     1.738      .096
     1.909      .080
     2.097      .069
     2.304      .059
     2.531      .051
     2.780      .044
     3.054      .039
     3.355      .034
     3.685      .031
     4.049      .028
     4.448      .025
     4.886      .023
     5.367      .021
     5.896      .019
     6.477      .018
     7.116      .017
     7.817      .016
     8.587      .015
     9.433      .015
    10.363      .014
    11.384      .014
    12.506      .014
    13.738      .014
    15.092      .014
    16.579      .014
    18.213      .014
    20.007      .014
    21.979      .014
    24.145      .014
    26.524      .014
    29.137      .014
    32.009      .014
    35.163      .014
    38.628      .014
    42.434      .014
    46.616      .014
    51.209      .014
    56.256      .014
    61.799      .014
    67.889      .014
    74.579      .014
    81.928      .014
    90.001      .014
    98.870      .014
X
return
