plotrd
tcc
seconds
' DEVICE: Cooper Form 4C RECLOSER '
' CURVE ID: 106'
'  '
      .998     1.457
     1.097      .989
     1.205      .722
     1.324      .560
     1.454      .437
     1.597      .343
     1.755      .288
     1.928      .239
     2.118      .195
     2.326      .156
     2.556      .123
     2.808      .095
     3.084      .072
     3.388      .053
     3.722      .039
     4.089      .029
     4.492      .023
     4.934      .019
     5.421      .016
     5.955      .015
     6.541      .014
     7.186      .013
     7.894      .012
     8.672      .012
     9.527      .011
    10.465      .011
    11.497      .011
    12.630      .011
    13.874      .011
    15.241      .011
    16.743      .011
    18.393      .011
    20.206      .011
    22.197      .011
    24.384      .011
    26.787      .011
    29.426      .011
    32.326      .011
    35.511      .011
    39.011      .011
    42.855      .011
    47.078      .011
    51.717      .011
    56.813      .011
    62.412      .011
    68.562      .011
    75.318      .011
    82.740      .011
    90.893      .011
    99.850      .011
X
return
