No. CURRENT(P.AMPS) TIME   (CYCLES)
--- --------------- ---------------
 1         528.000        3391.536
 2         570.842        2573.233
 3         617.161        2061.606
 4         667.238        1614.856
 5         721.378        1256.897
 6         779.911         982.682
 7         843.193         775.794
 8         911.610         619.831
 9         985.579         501.554
10        1065.550         411.040
11        1152.009         341.050
12        1245.484         286.350
13        1346.543         243.147
14        1455.802         208.677
15        1573.927         180.910
16        1701.636         158.341
17        1839.708         139.840
18        1988.984         124.555
19        2150.371         111.835
20        2324.854         101.178
21        2400.000          97.331
22        2513.493          92.193
23        2717.440          84.574
24        2937.935          78.079
25        3176.320          72.515
26        3434.049          67.727
27        3712.690          63.590
28        4013.940          60.000
29        4339.634          56.874
30        4691.755          54.142
31        5072.446          51.747
32        5484.028          49.640
33        5929.006          47.780
34        6410.089          46.134
35        6930.208          44.672
36        7492.529          43.368
37        8100.478          42.202
38        8757.756          41.154
39        9468.365          40.210
40       10236.635          39.355
41       11067.242          38.578
42       11965.246          37.869
43       12936.113          37.221
44       13985.758          36.626
45       15120.570          36.080
46       16347.463          35.579
47       17673.908          35.121
48       19107.979          34.704
49       20658.414          34.330
50       22334.650          33.999
51       24146.896          33.716
